luteolin
121.111115,8.090114,3.0,3.0
114.67074,6.907052,2.0,3.0
105.29295,7.4547577,2.0,3.0
123.49478,7.446483,1.0,2.0
103.21667,6.7815,3.0,4.0
97.86667,6.9,3.0,4.0
Quality 2
quercetin
121.111115,8.090114,3.0,3.0
114.67074,6.907052,2.0,3.0
105.29295,7.4547577,2.0,3.0
103.21667,6.7815,3.0,4.0
97.86667,6.9,3.0,4.0
Quality 2
kaempferol
121.111115,8.090114,3.0,3.0
112.11474,6.8363333,3.0,4.0
103.21667,6.7815,3.0,4.0
97.86667,6.9,3.0,4.0
Quality 2
3-caffeoylquinic acid
122.18343,6.9299927,DL,DL
116.119675,6.7898026,DL,DL
114.927246,7.00978,DL,DL
146.37975,7.6304994,DL,DL
115.10559,6.21808,DL,DL
76.39619,5.250701,2.0,DL
37.896,2.2131262,3.0,DL
38.118183,2.0173228,3.0,DL
70.564445,3.9219608,2.0,DL
72.193,3.5534701,2.0,DL
Quality 2
4-caffeoylquinic acid
122.1874,6.9305544,DL,DL
116.12471,6.7899504,DL,DL
114.92671,7.010328,DL,DL
146.31543,7.6609025,DL,DL
114.63326,6.490037,4.0,DL
74.27086,4.4271817,2.0,3.0
67.71429,3.968,3.0,4.0
38.1,2.0158365,4.0,DL
Quality 3
5-caffeoylquinic acid
122.18343,6.9299927,DL,DL
116.119675,6.7898026,DL,DL
114.927246,7.00978,DL,DL
146.37975,7.6304994,DL,DL
115.10559,6.21808,DL,DL
76.39619,5.250701,2.0,DL
37.896,2.2131262,3.0,DL
38.118183,2.0173228,3.0,DL
70.564445,3.9219608,2.0,DL
72.193,3.5534701,2.0,DL
Quality 2
3,4-Dicaffeoylquinic acid
122.2038,6.9297843,DL,DL
116.12559,6.7897468,DL,DL
114.940414,7.00958,DL,DL
146.61595,7.621251,DL,DL
114.763756,6.1960435,DL,DL
75.9,4.6164446,4.0,3.0
37.896,2.18,3.0,4.0
38.1,2.0544782,4.0,DL
69.2,3.968,4.0,4.0
74.11246,4.6966767,DL,3.0
114.81523,6.459491,DL,DL
146.5428,7.656315,DL,DL
122.206955,6.9303045,DL,DL
116.13074,6.78994,DL,DL
114.93923,7.010086,DL,DL
Quality 3
4,5-Dicaffeoylquinic acid
122.2038,6.9297843,DL,DL
116.12559,6.7897468,DL,DL
114.940414,7.00958,DL,DL
146.61595,7.621251,DL,DL
114.763756,6.1960435,DL,DL
75.9,4.6164446,4.0,3.0
37.896,2.18,3.0,4.0
38.1,2.0544782,4.0,DL
69.2,3.968,4.0,4.0
74.11246,4.6966767,DL,3.0
114.81523,6.459491,DL,DL
146.5428,7.656315,DL,DL
122.206955,6.9303045,DL,DL
116.13074,6.78994,DL,DL
114.93923,7.010086,DL,DL
Quality 3
3,5-Dicaffeoylquinic acid
122.18789,6.9300013,DL,DL
116.120804,6.7898,DL,DL
114.93025,7.0097885,DL,DL
146.44344,7.631748,DL,DL
115.02053,6.2158594,DL,DL
76.39619,5.31,2.0,4.0
37.896,2.2303228,3.0,DL
72.825874,3.8139973,2.0,3.0
146.44344,7.6317472,DL,DL
114.93025,7.0097876,DL,DL
Quality 2
3-O-Feruloylquinic acid
56.15516,3.8944473,DL,DL
111.685524,7.2258506,DL,DL
123.97943,7.114129,DL,DL
116.00106,6.8903413,DL,DL
147.03818,7.717312,DL,DL
115.16013,6.2454443,DL,DL
76.39619,5.250436,2.0,DL
37.896,2.213143,3.0,DL
38.118183,2.0173228,3.0,DL
70.564445,3.921962,2.0,DL
72.193,3.5535092,2.0,DL
Quality 2
5-O-Feruloylquinic acid
56.15516,3.8944473,DL,DL
111.685524,7.2258506,DL,DL
123.97943,7.114129,DL,DL
116.00106,6.8903413,DL,DL
147.03818,7.717312,DL,DL
115.16013,6.2454443,DL,DL
76.39619,5.250436,2.0,DL
37.896,2.213143,3.0,DL
38.118183,2.0173228,3.0,DL
70.564445,3.921962,2.0,DL
72.193,3.5535092,2.0,DL
Quality 2
3,5,6,7-Tetrahydroxy-4'-methoxyflavone
55.40432,3.7756686,DL,DL
112.24414,6.877692,3.0,4.0
121.111115,8.090114,3.0,3.0
98.95,7.03,3.0,3.0
Quality 2
caffeic acid
121.89024,6.9413743,DL,DL
115.96798,6.7945595,DL,DL
114.864296,7.0197954,DL,DL
142.68768,7.5627947,DL,4.0
116.44432,6.6581535,DL,DL
Quality 4
ferulic acid
56.151978,3.894675,DL,DL
111.6792,7.239621,DL,DL
123.62001,7.129972,DL,DL
115.827415,6.893676,DL,DL
143.12125,7.5627947,DL,4.0
116.33278,6.687041,DL,DL
Quality 4
sinapic acid
56.44347,3.9139714,DL,DL
106.22874,6.979562,DL,DL
144.5586,7.5923333,DL,4.0
116.8975,6.615748,DL,DL
106.22874,6.979561,DL,DL
Quality 4
syringic acid
56.46042,3.9506557,DL,DL
106.77867,7.56925,DL,4.0
106.77866,7.56925,DL,4.0
56.460426,3.9506557,DL,DL
Quality 4
p-coumaric acid
131.17216,7.504627,DL,DL
116.05979,6.827317,DL,DL
139.1879,7.712364,DL,DL
116.75293,6.6953583,DL,DL
salicylic acid
119.32164,6.8395796,DL,DL
135.97188,7.4637055,DL,DL
117.71731,6.950185,DL,DL
130.58728,7.935567,DL,4.0
Quality 4
gentisic acid
121.41653,7.080466,DL,DL
116.73488,6.8561583,DL,DL
116.585495,7.325385,DL,DL
vanillic acid
56.1357,3.9410126,DL,DL
113.48198,7.56925,DL,4.0
123.45946,7.8734446,DL,4.0
114.104416,6.9094496,DL,DL
Quality 4
rutin
18.410007,1.195423,DL,DL
70.02601,3.2923641,DL,DL
73.644516,3.5117652,DL,DL
72.34744,3.7819793,DL,DL
72.37919,3.8966687,DL,DL
102.47319,4.906362,DL,DL
68.66403,4.2769275,DL,DL
77.15189,3.6166298,DL,DL
70.88238,3.3865695,DL,DL
77.48237,3.4089959,DL,DL
74.11981,3.5932422,4.0,DL
102.600975,5.208586,3.0,4.0
103.21667,6.7815,3.0,4.0
97.86667,6.9,3.0,4.0
121.111115,8.090114,3.0,3.0
114.67074,6.907052,2.0,3.0
105.29295,7.4547577,2.0,3.0
Quality 2
isoquercetin
121.111115,8.090114,3.0,3.0
114.67074,6.907052,2.0,3.0
105.29295,7.4547577,2.0,3.0
103.21667,6.7815,3.0,4.0
97.86667,6.9,3.0,4.0
102.600975,5.208586,3.0,4.0
74.11981,3.5657134,4.0,DL
77.47398,3.3740907,DL,DL
70.793175,3.3644035,DL,DL
78.3017,3.3362536,DL,DL
62.024975,3.746481,DL,DL
Quality 2
kaempferol 3-O-rutinoside
18.41001,1.195423,DL,DL
70.02601,3.2923641,DL,DL
73.644516,3.5117652,DL,DL
72.34745,3.7819793,DL,DL
72.37919,3.8966687,DL,DL
102.47322,4.906362,DL,DL
68.66442,4.2769294,DL,DL
77.152435,3.6166282,DL,DL
70.88294,3.3865714,DL,DL
77.4829,3.408992,DL,DL
74.11981,3.5928078,4.0,DL
102.600975,5.208586,3.0,4.0
103.21667,6.7815,3.0,4.0
97.86667,6.9,3.0,4.0
121.111115,8.090114,3.0,3.0
112.11474,6.8363333,3.0,4.0
Quality 2
astragalin
121.111115,8.090114,3.0,3.0
112.11474,6.8363333,3.0,4.0
103.21667,6.7815,3.0,4.0
97.86667,6.9,3.0,4.0
102.600975,5.208586,3.0,4.0
74.11981,3.5653114,4.0,DL
77.474434,3.374085,DL,DL
70.79366,3.36441,DL,DL
78.30198,3.3362575,DL,DL
62.02535,3.7464802,DL,DL
Quality 2
apigenin 7-O-glucoside
121.111115,8.090114,3.0,3.0
112.11474,6.8363333,3.0,4.0
123.49478,7.446483,1.0,2.0
100.64,6.405406,3.0,3.0
95.261765,7.035,3.0,4.0
101.58889,5.1067934,4.0,DL
73.66704,3.3786094,DL,DL
77.319244,3.353531,DL,DL
70.728226,3.3819218,DL,DL
77.778564,3.3307915,DL,DL
61.962257,3.7396522,DL,DL
Quality 2
hyperoside
121.111115,8.090114,3.0,3.0
114.67074,6.907052,2.0,3.0
105.29295,7.4547577,2.0,3.0
103.21667,6.7815,3.0,4.0
97.86667,6.9,3.0,4.0
102.600975,5.208586,3.0,4.0
74.11981,3.5657134,4.0,DL
77.47398,3.3740907,DL,DL
70.793175,3.3644035,DL,DL
78.3017,3.3362536,DL,DL
62.024975,3.746481,DL,DL
Quality 2
luteolin 7-glucoside
121.111115,8.090114,3.0,3.0
114.67074,6.907052,2.0,3.0
105.29295,7.4547577,2.0,3.0
123.49478,7.446483,1.0,2.0
100.64,6.405406,3.0,3.0
95.261765,7.035,3.0,4.0
101.58889,5.1068797,4.0,DL
73.66703,3.37861,DL,DL
77.319244,3.3535314,DL,DL
70.72822,3.3819222,DL,DL
77.77858,3.3307908,DL,DL
61.96226,3.7396526,DL,DL
Quality 2
kaempferol 3-rutinoside
18.41001,1.195423,DL,DL
70.02601,3.2923641,DL,DL
73.644516,3.5117652,DL,DL
72.34745,3.7819793,DL,DL
72.37919,3.8966687,DL,DL
102.47322,4.906362,DL,DL
68.66442,4.2769294,DL,DL
77.152435,3.6166282,DL,DL
70.88294,3.3865714,DL,DL
77.4829,3.408992,DL,DL
74.11981,3.5928078,4.0,DL
102.600975,5.208586,3.0,4.0
103.21667,6.7815,3.0,4.0
97.86667,6.9,3.0,4.0
121.111115,8.090114,3.0,3.0
112.11474,6.8363333,3.0,4.0
Quality 2
naringin
18.59851,1.0345111,DL,DL
69.27635,3.210183,DL,DL
73.36201,3.433721,DL,DL
71.84993,3.6760788,DL,DL
71.679,3.934967,DL,DL
101.79735,5.1030474,DL,DL
78.59869,3.6533096,DL,DL
77.00913,3.6233585,DL,DL
70.67385,3.4185448,DL,DL
77.623665,3.4626164,DL,DL
61.839012,3.7536016,DL,DL
100.15209,4.964761,4.0,DL
96.835976,6.1038795,DL,DL
43.71857,2.759625,4.0,3.0
78.8368,5.5085,3.0,4.0
128.66946,7.134692,DL,4.0
115.92444,6.793934,DL,DL
95.82823,6.4876113,DL,4.0
Quality 3
gallic acid
108.79761,7.091964,DL,DL
protocatechuic acid
122.04132,7.8734446,DL,4.0
114.55349,6.8233666,DL,4.0
116.340195,7.1091113,DL,4.0
Quality 4
Rosmarinic acid
122.22024,6.9311914,DL,DL
116.13274,6.7894197,DL,DL
114.95449,7.0111146,DL,DL
147.23215,7.64991,DL,DL
114.55214,6.3448787,DL,DL
73.93962,5.3490644,DL,DL
37.66736,3.0268505,DL,DL
121.5933,6.646253,DL,DL
116.67354,6.690779,DL,DL
117.40416,6.79738,DL,DL
